61.139606 12.999998 60.992916 54.517506 19.300001 55.663967 0.000000 1.000000 0.000000
55.653664 -3.100000 73.225883 49.840031 3.200001 67.025047 0.000000 1.000000 0.000000
-46.338436 -3.100000 64.950531 -46.195477 3.200001 56.451828 0.000000 1.000000 0.000000
-45.779457 -3.100000 31.720617 -45.636497 3.200001 23.221910 0.000000 1.000000 0.000000
-44.928837 -3.100000 -18.846693 -44.785877 3.200001 -27.345400 0.000000 1.000000 0.000000
15.200545 -3.100000 -41.126301 23.488142 3.200001 -43.014194 0.000000 1.000000 0.000000
48.610340 -3.100000 16.507097 46.056023 3.200001 24.614128 0.000000 1.000000 0.000000
16.698380 -3.100000 29.492470 8.198612 3.200001 29.539799 0.000000 1.000000 0.000000
-0.399180 -3.100000 30.864090 -0.708205 3.200001 22.369806 0.000000 1.000000 0.000000
-0.399180 -3.100000 30.864090 -0.708205 3.200001 22.369806 0.000000 1.000000 0.000000
-0.399180 -3.100000 30.864090 -0.708205 3.200001 22.369806 0.000000 1.000000 0.000000
0.414436 -3.800000 13.483215 0.105410 2.500001 4.988934 0.000000 1.000000 0.000000
-16.573214 -3.800000 16.379747 -10.454271 2.500001 10.480013 0.000000 1.000000 0.000000
-16.518070 -3.800000 -15.913955 -11.320364 2.500001 -9.188468 0.000000 1.000000 0.000000
0.602585 -3.800000 -18.526197 0.840189 2.500001 -10.029617 0.000000 1.000000 0.000000
0.602585 -3.800000 -18.526197 0.840189 2.500001 -10.029617 0.000000 1.000000 0.000000
17.973816 -3.800000 -8.513447 17.616560 2.500001 -0.021053 0.000000 1.000000 0.000000
17.184277 -3.800000 10.254742 12.872317 2.500001 17.579725 0.000000 1.000000 0.000000
0.059761 -3.800000 10.453701 -0.106399 2.500001 1.955423 0.000000 1.000000 0.000000
0.797683 -3.800000 5.944240 8.086611 2.500001 1.571612 0.000000 1.000000 0.000000
0.797683 -3.800000 5.944240 8.086610 2.500001 1.571612 0.000000 1.000000 0.000000
2.890879 -3.800000 0.834280 -0.726102 2.500001 -6.857650 0.000000 1.000000 0.000000
2.890879 -3.800000 0.834280 -0.726102 2.500001 -6.857650 0.000000 1.000000 0.000000
-1.062863 -3.800000 -1.649431 -8.607118 2.500001 2.266244 0.000000 1.000000 0.000000
-1.062863 -3.800000 -1.649431 -8.607118 2.500001 2.266244 0.000000 1.000000 0.000000
-2.254060 -3.800000 2.672384 0.322365 2.500001 10.772402 0.000000 1.000000 0.000000
-2.254060 -3.800000 2.672384 0.322365 2.500001 10.772402 0.000000 1.000000 0.000000
-1.680620 -3.800000 5.445827 1.500840 2.500001 -2.436212 0.000000 1.000000 0.000000
-0.365540 -1.000000 1.403989 -8.788746 5.300001 0.264771 0.000000 1.000000 0.000000
-6.293941 0.400000 0.812695 -5.913511 6.700001 9.304077 0.000000 1.000000 0.000000
-6.293941 0.400000 0.812695 -6.008097 6.700001 -7.682398 0.000000 1.000000 0.000000
-4.826405 0.400000 -4.772169 3.593666 6.700001 -5.934371 0.000000 1.000000 0.000000
-0.334594 0.400000 -3.933480 -3.537555 6.700001 -11.806808 0.000000 1.000000 0.000000
-0.334594 0.400000 -3.933480 4.420064 6.700001 -10.979154 0.000000 1.000000 0.000000
3.815751 0.400000 -4.848175 12.296486 6.700001 -5.418606 0.000000 1.000000 0.000000
5.267587 0.400000 -0.941741 8.949107 6.700001 6.719505 0.000000 1.000000 0.000000
6.432333 0.400000 3.286871 2.643266 6.700001 10.895503 0.000000 1.000000 0.000000
0.896844 -1.700000 2.078371 0.539590 4.600001 10.570762 0.000000 1.000000 0.000000
-0.789795 -3.800000 7.792463 -1.147050 2.500001 16.284855 0.000000 1.000000 0.000000
-6.420043 -3.800000 9.074789 -7.180193 2.500001 0.608944 0.000000 1.000000 0.000000
-6.165482 -3.800000 -3.512137 1.123447 2.500001 -7.884770 0.000000 1.000000 0.000000
7.172821 -3.800000 -4.050355 6.080575 2.500001 4.379082 0.000000 1.000000 0.000000
6.747828 -3.800000 3.162055 5.655582 2.500001 11.591491 0.000000 1.000000 0.000000
